1,-1,731.11,184.15,119.90,214.14,0.6258,-1,-1,-1
1,-1,582.84,0.43,74.69,170.44,0.4494,-1,-1,-1
2,-1,747.92,189.17,107.01,199.59,0.5058,-1,-1,-1
2,-1,581.48,1.37,77.22,167.51,0.4497,-1,-1,-1
3,-1,581.39,1.26,77.50,168.11,0.4721,-1,-1,-1
3,-1,751.26,202.23,84.56,187.53,0.4659,-1,-1,-1
4,-1,581.12,1.07,78.24,168.79,0.5058,-1,-1,-1
4,-1,748.80,185.35,106.87,200.62,0.4862,-1,-1,-1
5,-1,759.86,182.70,90.63,201.08,0.5106,-1,-1,-1
5,-1,581.07,1.07,78.28,168.57,0.5058,-1,-1,-1
6,-1,774.86,184.32,76.30,200.39,0.5816,-1,-1,-1
6,-1,582.39,0.27,75.58,171.95,0.4871,-1,-1,-1
7,-1,580.94,1.03,78.26,168.77,0.5185,-1,-1,-1
7,-1,783.77,186.91,80.10,195.56,0.4894,-1,-1,-1
8,-1,581.21,1.04,78.03,168.78,0.4954,-1,-1,-1
9,-1,581.63,1.87,76.86,166.53,0.4967,-1,-1,-1
10,-1,581.36,1.86,77.20,166.50,0.5097,-1,-1,-1
11,-1,581.27,1.77,77.12,166.63,0.5401,-1,-1,-1
11,-1,807.06,205.77,59.90,176.45,0.4087,-1,-1,-1
12,-1,581.46,1.78,76.70,166.62,0.5299,-1,-1,-1
13,-1,581.56,1.75,76.71,166.51,0.5360,-1,-1,-1
14,-1,581.40,1.72,76.90,166.49,0.5595,-1,-1,-1
15,-1,581.46,1.76,76.77,166.40,0.5366,-1,-1,-1
16,-1,581.45,1.74,76.81,166.36,0.5428,-1,-1,-1
17,-1,581.67,1.79,76.34,166.44,0.5351,-1,-1,-1
18,-1,581.71,1.76,76.39,167.07,0.5842,-1,-1,-1
19,-1,581.60,1.75,76.48,167.13,0.5804,-1,-1,-1
20,-1,581.64,1.80,76.22,167.23,0.5767,-1,-1,-1
20,-1,869.32,195.57,97.84,203.70,0.4499,-1,-1,-1
21,-1,581.62,1.76,76.21,167.10,0.5781,-1,-1,-1
21,-1,877.96,197.74,91.66,205.48,0.3780,-1,-1,-1
22,-1,581.63,1.78,76.17,167.40,0.5554,-1,-1,-1
23,-1,581.59,1.80,76.21,167.35,0.5374,-1,-1,-1
24,-1,581.39,1.83,76.38,167.35,0.5401,-1,-1,-1
24,-1,895.87,196.15,93.89,214.15,0.3951,-1,-1,-1
25,-1,894.38,192.74,127.23,247.51,0.6262,-1,-1,-1
25,-1,581.34,1.91,76.47,167.23,0.5463,-1,-1,-1
26,-1,907.15,195.04,114.19,242.22,0.6465,-1,-1,-1
26,-1,581.53,1.92,76.22,166.83,0.5401,-1,-1,-1
27,-1,908.28,197.48,120.80,242.43,0.7462,-1,-1,-1
27,-1,581.41,1.95,76.47,166.99,0.5310,-1,-1,-1
28,-1,911.47,200.55,118.53,239.26,0.7232,-1,-1,-1
28,-1,581.42,1.96,76.42,166.92,0.5136,-1,-1,-1
29,-1,921.12,199.43,111.07,236.55,0.6768,-1,-1,-1
29,-1,581.54,1.94,76.21,167.01,0.5036,-1,-1,-1
30,-1,928.45,202.93,112.29,243.05,0.7178,-1,-1,-1
30,-1,581.49,1.87,76.39,167.01,0.5533,-1,-1,-1
31,-1,937.67,203.81,121.31,243.25,0.7177,-1,-1,-1
31,-1,581.43,1.84,76.50,167.04,0.5593,-1,-1,-1
32,-1,953.06,202.98,116.47,255.61,0.7289,-1,-1,-1
32,-1,581.37,1.79,76.44,167.27,0.5683,-1,-1,-1
33,-1,954.15,204.31,122.80,256.04,0.6852,-1,-1,-1
33,-1,581.33,1.78,76.40,167.26,0.5731,-1,-1,-1
34,-1,961.26,203.59,117.90,254.74,0.7929,-1,-1,-1
34,-1,581.34,1.81,76.49,167.28,0.5410,-1,-1,-1
35,-1,972.11,202.93,106.89,262.34,0.7881,-1,-1,-1
35,-1,581.31,1.91,76.54,166.88,0.5224,-1,-1,-1
36,-1,974.89,205.01,109.97,255.55,0.7849,-1,-1,-1
36,-1,581.32,1.97,76.60,166.35,0.4856,-1,-1,-1
37,-1,984.38,204.35,107.85,253.24,0.7728,-1,-1,-1
37,-1,581.25,1.92,76.61,166.55,0.4902,-1,-1,-1
38,-1,988.25,204.41,106.92,255.06,0.7284,-1,-1,-1
38,-1,581.24,1.94,76.65,166.56,0.4767,-1,-1,-1
39,-1,994.86,204.82,113.14,252.50,0.6700,-1,-1,-1
39,-1,581.26,1.89,76.63,166.53,0.5024,-1,-1,-1
40,-1,1004.07,208.03,112.56,252.12,0.7689,-1,-1,-1
40,-1,581.28,1.95,76.63,166.42,0.4994,-1,-1,-1
41,-1,1006.36,209.02,110.34,273.98,0.8024,-1,-1,-1
41,-1,581.38,1.97,76.73,166.28,0.4751,-1,-1,-1
42,-1,1012.95,218.97,106.82,273.35,0.8207,-1,-1,-1
42,-1,580.67,1.31,78.30,167.81,0.4580,-1,-1,-1
43,-1,1018.09,222.59,102.77,268.64,0.8192,-1,-1,-1
43,-1,581.21,1.94,76.89,166.15,0.4802,-1,-1,-1
44,-1,1021.73,225.82,102.57,271.14,0.8416,-1,-1,-1
44,-1,581.25,1.91,76.72,166.29,0.4595,-1,-1,-1
45,-1,1024.59,228.01,102.85,270.82,0.8613,-1,-1,-1
45,-1,580.67,1.30,78.34,168.37,0.4495,-1,-1,-1
46,-1,1027.35,229.46,107.50,273.71,0.8070,-1,-1,-1
46,-1,581.20,1.98,76.97,166.26,0.4749,-1,-1,-1
47,-1,1036.25,231.31,107.49,272.55,0.7114,-1,-1,-1
47,-1,581.35,1.92,76.94,166.32,0.5087,-1,-1,-1
48,-1,1043.00,233.71,105.66,271.43,0.7065,-1,-1,-1
48,-1,581.09,1.97,77.23,166.26,0.5232,-1,-1,-1
49,-1,1046.48,242.33,101.55,259.62,0.6649,-1,-1,-1
49,-1,580.99,2.00,77.38,166.25,0.5275,-1,-1,-1
50,-1,1049.17,241.23,103.66,263.04,0.7054,-1,-1,-1
50,-1,581.07,2.08,77.11,166.11,0.4701,-1,-1,-1
51,-1,1055.01,241.68,105.94,268.29,0.7119,-1,-1,-1
51,-1,579.26,2.31,79.41,165.51,0.5129,-1,-1,-1
52,-1,1062.73,234.90,112.50,270.23,0.7569,-1,-1,-1
52,-1,1065.53,263.92,84.74,240.14,0.6114,-1,-1,-1
52,-1,579.76,2.41,78.80,165.54,0.5147,-1,-1,-1
53,-1,1066.37,235.78,111.10,262.92,0.5737,-1,-1,-1
53,-1,579.93,2.35,78.62,165.67,0.5080,-1,-1,-1
53,-1,1070.10,269.48,86.33,230.72,0.4060,-1,-1,-1
54,-1,1071.58,238.09,113.08,276.62,0.6395,-1,-1,-1
54,-1,579.72,2.34,78.85,165.79,0.5171,-1,-1,-1
55,-1,1074.25,247.95,107.12,273.66,0.5871,-1,-1,-1
55,-1,579.81,2.42,78.70,165.68,0.5032,-1,-1,-1
56,-1,1078.08,257.04,103.03,272.04,0.6096,-1,-1,-1
56,-1,579.93,2.46,78.56,165.78,0.4918,-1,-1,-1
56,-1,1129.41,246.07,68.61,268.41,0.3469,-1,-1,-1
56,-1,1106.88,242.65,85.95,287.83,0.3322,-1,-1,-1
57,-1,1085.68,253.54,115.42,300.59,0.7218,-1,-1,-1
57,-1,579.99,2.47,78.49,165.71,0.5183,-1,-1,-1
58,-1,1090.06,256.04,114.50,299.35,0.7534,-1,-1,-1
58,-1,580.16,2.35,78.35,165.57,0.5445,-1,-1,-1
59,-1,1091.60,259.00,123.53,294.53,0.8015,-1,-1,-1
59,-1,580.21,2.39,78.25,165.48,0.5286,-1,-1,-1
60,-1,1097.81,259.20,127.67,296.90,0.7479,-1,-1,-1
60,-1,580.09,2.32,78.57,165.61,0.5447,-1,-1,-1
61,-1,1104.39,262.90,121.62,291.59,0.7244,-1,-1,-1
61,-1,580.25,2.32,78.42,165.58,0.5199,-1,-1,-1
62,-1,1112.14,265.98,133.48,322.05,0.7118,-1,-1,-1
62,-1,580.19,2.24,78.58,165.71,0.5345,-1,-1,-1
63,-1,1122.69,265.51,123.87,317.40,0.7227,-1,-1,-1
63,-1,580.35,2.26,78.42,165.96,0.5447,-1,-1,-1
64,-1,1131.60,265.57,120.45,313.31,0.6981,-1,-1,-1
64,-1,580.39,2.27,78.39,165.94,0.5349,-1,-1,-1
65,-1,1135.63,267.10,125.60,294.90,0.7034,-1,-1,-1
65,-1,580.44,2.25,78.28,165.86,0.5421,-1,-1,-1
66,-1,1145.37,268.36,117.82,295.46,0.7071,-1,-1,-1
66,-1,580.45,2.21,78.28,166.04,0.5650,-1,-1,-1
67,-1,1152.01,269.61,132.56,273.99,0.6440,-1,-1,-1
67,-1,581.05,2.26,77.20,166.01,0.5328,-1,-1,-1
68,-1,1157.21,272.38,132.21,272.91,0.7139,-1,-1,-1
68,-1,581.17,2.24,77.03,166.02,0.5310,-1,-1,-1
69,-1,581.19,2.22,76.96,165.96,0.5386,-1,-1,-1
69,-1,1161.48,274.27,134.42,275.16,0.4498,-1,-1,-1
70,-1,1168.15,278.02,135.44,291.63,0.6696,-1,-1,-1
70,-1,581.08,2.21,77.24,165.97,0.5473,-1,-1,-1
71,-1,1169.59,279.26,136.78,283.21,0.8058,-1,-1,-1
71,-1,580.99,2.23,77.34,165.95,0.5356,-1,-1,-1
72,-1,1174.69,284.50,131.75,293.05,0.7999,-1,-1,-1
72,-1,580.86,2.22,77.47,166.22,0.4963,-1,-1,-1
73,-1,1177.77,291.54,132.04,303.58,0.7938,-1,-1,-1
73,-1,580.45,2.17,77.93,166.21,0.5025,-1,-1,-1
74,-1,1178.64,297.40,134.64,300.51,0.7473,-1,-1,-1
74,-1,580.54,2.19,77.74,166.04,0.5112,-1,-1,-1
75,-1,1178.33,299.66,139.19,314.21,0.7642,-1,-1,-1
75,-1,580.50,2.20,77.83,166.04,0.4983,-1,-1,-1
76,-1,1183.68,298.06,138.69,316.43,0.7261,-1,-1,-1
76,-1,580.66,2.21,77.55,166.03,0.5189,-1,-1,-1
77,-1,1193.81,307.71,138.38,311.00,0.8428,-1,-1,-1
77,-1,580.61,2.23,77.65,166.01,0.5253,-1,-1,-1
78,-1,1200.77,311.64,136.44,307.48,0.8032,-1,-1,-1
78,-1,580.70,2.20,77.54,166.03,0.5273,-1,-1,-1
79,-1,1206.39,310.40,135.83,306.22,0.7807,-1,-1,-1
79,-1,580.79,2.16,77.43,166.07,0.5254,-1,-1,-1
80,-1,1213.94,314.02,134.29,302.23,0.8356,-1,-1,-1
80,-1,580.85,2.16,77.35,166.07,0.5245,-1,-1,-1
81,-1,1218.28,315.05,135.12,303.42,0.8398,-1,-1,-1
81,-1,580.77,2.23,77.50,165.99,0.5080,-1,-1,-1
82,-1,1230.07,325.98,131.82,284.49,0.7487,-1,-1,-1
82,-1,580.88,2.18,77.42,165.81,0.5228,-1,-1,-1
83,-1,1235.63,316.78,131.91,294.72,0.7943,-1,-1,-1
83,-1,580.89,2.16,77.55,165.82,0.5189,-1,-1,-1
84,-1,1238.41,312.16,139.96,302.93,0.7595,-1,-1,-1
84,-1,580.90,2.09,77.54,165.91,0.5339,-1,-1,-1
85,-1,1247.47,328.09,135.82,282.43,0.8185,-1,-1,-1
85,-1,581.14,2.15,77.19,166.01,0.4976,-1,-1,-1
86,-1,1251.01,330.25,135.47,287.56,0.8097,-1,-1,-1
86,-1,581.17,2.16,77.18,165.91,0.4860,-1,-1,-1
87,-1,1258.91,350.79,139.47,310.74,0.7652,-1,-1,-1
87,-1,581.26,2.17,76.89,165.88,0.4879,-1,-1,-1
88,-1,1262.88,357.21,135.65,307.08,0.7194,-1,-1,-1
88,-1,581.46,2.20,76.67,165.73,0.4329,-1,-1,-1
89,-1,1267.40,354.62,136.22,319.13,0.7350,-1,-1,-1
89,-1,581.31,2.15,76.79,166.26,0.4456,-1,-1,-1
90,-1,1269.02,356.75,146.26,327.58,0.7436,-1,-1,-1
90,-1,581.29,2.11,76.94,166.26,0.4517,-1,-1,-1
91,-1,1270.44,365.21,153.32,319.26,0.6936,-1,-1,-1
91,-1,581.32,2.05,77.12,166.17,0.4810,-1,-1,-1
92,-1,1280.21,370.79,159.52,324.74,0.6585,-1,-1,-1
92,-1,581.57,1.95,77.04,166.20,0.4527,-1,-1,-1
93,-1,1295.21,374.07,156.56,323.60,0.7356,-1,-1,-1
93,-1,581.55,1.98,77.09,166.21,0.4320,-1,-1,-1
94,-1,1307.97,381.46,146.33,283.67,0.4444,-1,-1,-1
94,-1,581.53,1.95,77.08,166.07,0.4373,-1,-1,-1
95,-1,1309.75,395.31,134.55,295.23,0.5495,-1,-1,-1
95,-1,581.53,1.91,76.92,166.14,0.4527,-1,-1,-1
96,-1,581.57,1.91,76.79,166.12,0.4441,-1,-1,-1
97,-1,581.53,1.84,76.79,166.24,0.4435,-1,-1,-1
98,-1,1338.68,402.75,140.47,284.46,0.4913,-1,-1,-1
98,-1,581.41,1.80,76.90,166.24,0.4492,-1,-1,-1
99,-1,581.46,1.81,76.84,166.18,0.4543,-1,-1,-1
100,-1,581.49,1.82,76.78,166.18,0.4346,-1,-1,-1
101,-1,580.79,2.11,78.19,167.18,0.5151,-1,-1,-1
101,-1,1352.69,408.12,133.08,276.86,0.3515,-1,-1,-1
102,-1,580.69,2.06,78.28,168.65,0.5190,-1,-1,-1
103,-1,580.64,2.07,78.32,168.55,0.5370,-1,-1,-1
104,-1,1363.33,410.30,162.29,306.17,0.7701,-1,-1,-1
104,-1,580.60,2.08,78.42,168.19,0.5395,-1,-1,-1
105,-1,1360.59,413.42,168.18,308.19,0.7972,-1,-1,-1
105,-1,580.59,2.08,78.45,168.41,0.5198,-1,-1,-1
106,-1,1363.67,416.83,168.43,297.98,0.6940,-1,-1,-1
106,-1,580.59,2.06,78.49,168.38,0.5348,-1,-1,-1
107,-1,1386.71,423.77,155.82,295.62,0.6611,-1,-1,-1
107,-1,580.57,2.12,78.56,168.31,0.5075,-1,-1,-1
108,-1,1390.10,428.56,156.94,303.27,0.5782,-1,-1,-1
108,-1,580.47,2.09,78.63,168.03,0.5176,-1,-1,-1
109,-1,1388.54,435.47,156.53,305.41,0.7442,-1,-1,-1
109,-1,580.51,2.09,78.52,167.89,0.5106,-1,-1,-1
110,-1,1394.07,438.17,150.60,327.26,0.7934,-1,-1,-1
110,-1,580.30,2.14,78.46,167.08,0.5178,-1,-1,-1
111,-1,1395.57,442.26,148.74,326.86,0.7997,-1,-1,-1
111,-1,580.40,2.18,78.29,167.01,0.5028,-1,-1,-1
112,-1,1397.27,449.61,153.84,319.70,0.8066,-1,-1,-1
112,-1,580.50,2.21,78.16,166.97,0.4924,-1,-1,-1
113,-1,1391.51,459.60,161.98,309.48,0.8192,-1,-1,-1
113,-1,580.48,2.19,78.25,167.07,0.4934,-1,-1,-1
114,-1,1400.03,458.00,155.66,310.61,0.7996,-1,-1,-1
114,-1,580.44,2.20,78.17,166.98,0.5069,-1,-1,-1
115,-1,1400.94,460.08,161.04,309.77,0.7830,-1,-1,-1
115,-1,580.42,2.20,78.21,166.98,0.4986,-1,-1,-1
116,-1,1413.28,463.65,154.90,302.36,0.5801,-1,-1,-1
116,-1,579.97,2.17,78.71,167.29,0.5267,-1,-1,-1
117,-1,1421.10,464.25,154.80,303.26,0.7418,-1,-1,-1
117,-1,579.47,2.16,79.15,167.03,0.5939,-1,-1,-1
118,-1,1423.99,471.30,156.84,288.66,0.6286,-1,-1,-1
118,-1,579.42,2.17,79.18,166.80,0.5962,-1,-1,-1
119,-1,579.37,2.19,79.24,166.81,0.5914,-1,-1,-1
119,-1,1420.96,473.80,160.17,290.36,0.5884,-1,-1,-1
120,-1,1419.22,470.56,169.76,299.61,0.7190,-1,-1,-1
120,-1,579.42,2.20,79.08,166.74,0.5875,-1,-1,-1
121,-1,1419.74,467.10,174.49,307.63,0.7550,-1,-1,-1
121,-1,579.42,2.28,79.10,166.64,0.5834,-1,-1,-1
122,-1,1418.44,464.43,182.83,323.17,0.7223,-1,-1,-1
122,-1,579.38,2.30,79.17,166.64,0.5752,-1,-1,-1
123,-1,1421.86,468.53,181.39,335.11,0.8097,-1,-1,-1
123,-1,579.32,2.29,79.26,166.74,0.5770,-1,-1,-1
124,-1,1422.37,464.62,185.94,340.24,0.8440,-1,-1,-1
124,-1,579.43,2.31,79.15,166.66,0.5672,-1,-1,-1
125,-1,1425.07,467.86,187.39,331.42,0.8312,-1,-1,-1
125,-1,579.46,2.30,79.13,166.73,0.5682,-1,-1,-1
126,-1,1428.49,471.65,192.48,341.10,0.8130,-1,-1,-1
126,-1,579.39,2.32,79.13,166.65,0.5549,-1,-1,-1
127,-1,1429.34,473.91,193.04,342.04,0.8438,-1,-1,-1
127,-1,579.36,2.23,79.24,166.68,0.5571,-1,-1,-1
128,-1,1430.65,478.47,202.85,334.40,0.8168,-1,-1,-1
128,-1,579.42,2.22,79.19,166.53,0.5490,-1,-1,-1
129,-1,1440.90,476.92,195.54,334.66,0.8145,-1,-1,-1
129,-1,579.38,2.21,79.21,166.48,0.5472,-1,-1,-1
130,-1,1445.79,479.67,195.05,335.80,0.8203,-1,-1,-1
130,-1,579.33,2.22,79.30,166.46,0.5403,-1,-1,-1
131,-1,1457.27,488.76,183.70,322.28,0.8049,-1,-1,-1
131,-1,579.48,2.23,79.26,166.43,0.5428,-1,-1,-1
132,-1,1460.79,487.87,185.23,326.55,0.7237,-1,-1,-1
132,-1,579.45,2.25,79.17,166.29,0.5548,-1,-1,-1
133,-1,1467.60,503.02,179.71,283.82,0.7209,-1,-1,-1
133,-1,579.18,2.20,79.43,166.32,0.5911,-1,-1,-1
134,-1,1469.17,508.30,183.75,286.71,0.7737,-1,-1,-1
134,-1,579.14,2.18,79.51,166.42,0.5952,-1,-1,-1
135,-1,1473.84,509.99,183.83,289.69,0.8029,-1,-1,-1
135,-1,579.06,2.18,79.65,166.36,0.5983,-1,-1,-1
136,-1,1477.60,510.29,182.09,278.31,0.7495,-1,-1,-1
136,-1,579.10,2.18,79.64,166.44,0.5905,-1,-1,-1
137,-1,1477.93,514.80,182.55,273.24,0.7827,-1,-1,-1
137,-1,579.00,2.20,79.68,166.42,0.5913,-1,-1,-1
138,-1,1480.53,515.86,182.12,271.07,0.8078,-1,-1,-1
138,-1,578.99,2.17,79.70,166.46,0.6033,-1,-1,-1
139,-1,1480.78,518.53,183.10,261.58,0.8066,-1,-1,-1
139,-1,578.99,2.18,79.60,166.36,0.6070,-1,-1,-1
140,-1,1481.85,520.84,182.15,259.97,0.7310,-1,-1,-1
140,-1,579.15,2.15,79.71,166.48,0.5955,-1,-1,-1
141,-1,1481.88,526.49,185.29,260.26,0.7558,-1,-1,-1
141,-1,580.10,2.25,78.51,166.57,0.5005,-1,-1,-1
142,-1,1482.60,523.63,182.55,266.17,0.7223,-1,-1,-1
142,-1,580.07,2.22,78.41,166.78,0.5341,-1,-1,-1
143,-1,1485.24,526.92,195.56,261.94,0.5923,-1,-1,-1
143,-1,580.07,2.32,78.38,166.73,0.5299,-1,-1,-1
144,-1,1478.88,527.86,202.90,265.51,0.5747,-1,-1,-1
144,-1,580.03,2.30,78.63,166.85,0.5342,-1,-1,-1
145,-1,1481.76,527.67,198.18,268.48,0.5579,-1,-1,-1
145,-1,580.10,2.28,78.55,166.88,0.5383,-1,-1,-1
146,-1,1423.61,531.04,238.15,282.53,0.6231,-1,-1,-1
146,-1,580.07,2.31,78.44,166.71,0.5416,-1,-1,-1
146,-1,1496.28,532.97,180.76,284.81,0.3168,-1,-1,-1
147,-1,1419.12,534.40,241.69,281.16,0.6545,-1,-1,-1
147,-1,580.02,2.32,78.42,166.61,0.5344,-1,-1,-1
148,-1,580.04,2.32,78.51,166.56,0.5355,-1,-1,-1
148,-1,1418.53,546.85,222.52,269.32,0.4875,-1,-1,-1
148,-1,1484.02,534.28,201.33,289.21,0.3631,-1,-1,-1
149,-1,1419.25,549.16,217.71,269.84,0.5760,-1,-1,-1
149,-1,579.97,2.32,78.52,166.66,0.5614,-1,-1,-1
149,-1,1458.42,536.07,220.77,288.67,0.3748,-1,-1,-1
150,-1,1419.06,551.48,204.24,272.30,0.5886,-1,-1,-1
150,-1,579.97,2.32,78.47,166.63,0.5616,-1,-1,-1
150,-1,1449.25,538.64,234.87,291.77,0.4059,-1,-1,-1
151,-1,1418.93,544.94,245.90,285.64,0.6395,-1,-1,-1
151,-1,581.07,1.74,78.84,168.31,0.4656,-1,-1,-1
151,-1,1503.09,541.53,178.88,293.33,0.3416,-1,-1,-1
152,-1,1418.87,543.87,248.08,290.15,0.6988,-1,-1,-1
152,-1,580.94,1.74,78.80,168.53,0.4568,-1,-1,-1
152,-1,1502.09,541.91,180.66,296.58,0.3181,-1,-1,-1
153,-1,1419.00,545.87,247.47,289.61,0.6505,-1,-1,-1
153,-1,580.93,1.71,78.99,168.76,0.4579,-1,-1,-1
153,-1,1494.38,543.28,180.66,387.81,0.3139,-1,-1,-1
154,-1,1419.26,545.59,247.08,291.94,0.6228,-1,-1,-1
154,-1,581.00,1.68,79.14,169.82,0.4515,-1,-1,-1
154,-1,1499.70,544.00,172.08,380.83,0.3473,-1,-1,-1
155,-1,1469.95,544.53,201.24,288.64,0.5447,-1,-1,-1
155,-1,580.98,1.67,79.06,169.44,0.4417,-1,-1,-1
156,-1,1426.65,544.86,243.56,293.68,0.6568,-1,-1,-1
156,-1,580.74,1.66,79.52,168.97,0.4433,-1,-1,-1
156,-1,1493.71,545.27,179.07,318.91,0.3248,-1,-1,-1
157,-1,1418.68,541.80,248.80,292.67,0.6829,-1,-1,-1
157,-1,580.70,1.61,79.73,169.36,0.4547,-1,-1,-1
158,-1,1474.13,543.93,196.32,295.00,0.6257,-1,-1,-1
158,-1,580.80,1.56,79.67,169.43,0.4740,-1,-1,-1
159,-1,1462.29,544.22,205.67,285.90,0.5551,-1,-1,-1
159,-1,581.57,2.50,77.62,167.33,0.4629,-1,-1,-1
160,-1,1412.06,541.74,253.63,291.94,0.6309,-1,-1,-1
160,-1,581.48,2.46,77.66,167.20,0.4784,-1,-1,-1
161,-1,1420.29,533.03,241.96,290.50,0.7399,-1,-1,-1
161,-1,581.41,2.41,77.66,166.90,0.5162,-1,-1,-1
162,-1,1409.99,532.92,255.47,287.38,0.7461,-1,-1,-1
162,-1,581.41,2.40,77.60,167.00,0.5071,-1,-1,-1
163,-1,1415.65,533.98,246.44,286.84,0.7753,-1,-1,-1
163,-1,581.41,2.39,77.61,166.96,0.5008,-1,-1,-1
164,-1,1407.72,532.62,252.77,281.25,0.7534,-1,-1,-1
164,-1,581.42,2.37,77.61,166.91,0.4827,-1,-1,-1
165,-1,1454.39,540.44,210.40,269.96,0.6301,-1,-1,-1
165,-1,581.56,2.37,77.59,167.00,0.4597,-1,-1,-1
166,-1,1457.16,538.61,204.35,253.43,0.6199,-1,-1,-1
166,-1,581.40,2.33,77.69,166.41,0.4855,-1,-1,-1
167,-1,1461.91,544.72,211.38,255.79,0.6124,-1,-1,-1
167,-1,581.43,2.34,77.61,166.34,0.4843,-1,-1,-1
168,-1,1463.66,545.23,193.54,251.86,0.6282,-1,-1,-1
168,-1,581.38,2.33,77.57,166.43,0.4953,-1,-1,-1
169,-1,1392.58,544.46,266.98,247.16,0.6850,-1,-1,-1
169,-1,581.48,2.36,77.42,166.39,0.4865,-1,-1,-1
170,-1,1392.70,540.20,265.90,260.11,0.6578,-1,-1,-1
170,-1,580.90,1.38,78.94,167.85,0.4629,-1,-1,-1
171,-1,1461.30,536.75,192.89,247.86,0.5535,-1,-1,-1
171,-1,580.94,1.35,78.86,167.94,0.4590,-1,-1,-1
172,-1,1405.18,528.97,246.77,252.80,0.5822,-1,-1,-1
172,-1,580.96,1.42,78.92,167.76,0.4546,-1,-1,-1
173,-1,1408.88,534.93,244.37,254.14,0.5960,-1,-1,-1
173,-1,580.83,1.35,79.02,167.97,0.4901,-1,-1,-1
174,-1,1430.16,531.23,223.30,249.47,0.5809,-1,-1,-1
174,-1,580.85,1.34,79.05,168.36,0.4753,-1,-1,-1
175,-1,1408.52,529.41,247.88,270.95,0.6872,-1,-1,-1
175,-1,580.77,1.37,79.03,168.30,0.4664,-1,-1,-1
176,-1,1478.62,529.71,174.02,284.95,0.5874,-1,-1,-1
176,-1,1388.38,529.49,263.76,288.24,0.5141,-1,-1,-1
176,-1,580.83,1.40,79.09,168.32,0.4525,-1,-1,-1
177,-1,1483.68,527.33,167.10,285.89,0.5440,-1,-1,-1
177,-1,580.85,1.45,79.02,168.05,0.4499,-1,-1,-1
177,-1,1415.76,528.75,234.51,279.02,0.3421,-1,-1,-1
178,-1,1486.26,528.25,165.78,283.46,0.5424,-1,-1,-1
178,-1,1411.17,529.86,240.02,283.61,0.5142,-1,-1,-1
178,-1,580.85,1.52,78.96,168.18,0.4202,-1,-1,-1
179,-1,1460.09,528.97,190.43,299.44,0.4459,-1,-1,-1
179,-1,580.83,1.48,79.00,168.33,0.4275,-1,-1,-1
179,-1,1484.19,526.37,170.92,404.17,0.3108,-1,-1,-1
180,-1,1400.46,525.62,249.24,297.31,0.6012,-1,-1,-1
180,-1,1492.00,524.76,158.92,293.50,0.5996,-1,-1,-1
180,-1,580.81,1.43,78.99,168.37,0.4347,-1,-1,-1
181,-1,1399.32,521.11,251.39,302.71,0.7133,-1,-1,-1
181,-1,580.46,1.36,79.48,168.60,0.4380,-1,-1,-1
182,-1,1394.26,521.21,257.75,294.73,0.7076,-1,-1,-1
182,-1,1484.05,521.30,170.40,294.58,0.5543,-1,-1,-1
182,-1,580.52,1.32,79.32,168.70,0.4376,-1,-1,-1
183,-1,1402.27,521.04,249.25,295.84,0.7209,-1,-1,-1
183,-1,580.52,1.29,79.36,168.85,0.4432,-1,-1,-1
184,-1,1483.43,521.90,169.81,290.67,0.5369,-1,-1,-1
184,-1,1407.82,522.27,243.42,293.03,0.4872,-1,-1,-1
184,-1,581.35,2.31,77.38,167.51,0.4484,-1,-1,-1
185,-1,1453.65,521.45,199.11,301.47,0.5489,-1,-1,-1
185,-1,580.67,1.29,78.93,169.64,0.4407,-1,-1,-1
186,-1,1479.30,524.63,176.95,291.01,0.5707,-1,-1,-1
186,-1,580.63,1.31,78.80,169.00,0.4383,-1,-1,-1
187,-1,1474.68,527.59,181.11,289.69,0.6178,-1,-1,-1
187,-1,580.65,1.38,78.78,168.95,0.4355,-1,-1,-1
188,-1,1450.20,531.79,205.82,291.31,0.5524,-1,-1,-1
188,-1,580.74,1.35,78.65,168.94,0.4382,-1,-1,-1
189,-1,1442.07,528.23,215.59,294.93,0.4800,-1,-1,-1
189,-1,580.71,1.34,78.70,168.96,0.4457,-1,-1,-1
190,-1,1440.89,515.79,217.96,299.70,0.5730,-1,-1,-1
190,-1,580.74,1.42,78.71,169.06,0.4337,-1,-1,-1
191,-1,1438.28,515.14,218.89,303.50,0.6730,-1,-1,-1
191,-1,580.92,1.38,78.82,168.75,0.4566,-1,-1,-1
192,-1,581.57,2.28,77.26,167.14,0.4587,-1,-1,-1
192,-1,1447.68,518.32,211.21,301.61,0.3150,-1,-1,-1
193,-1,581.62,2.28,77.14,167.06,0.4547,-1,-1,-1
194,-1,581.06,1.39,78.63,169.10,0.4477,-1,-1,-1
195,-1,1437.68,520.11,216.12,309.69,0.6819,-1,-1,-1
195,-1,581.03,1.38,78.63,169.24,0.4485,-1,-1,-1
195,-1,1511.66,520.23,143.57,308.14,0.3838,-1,-1,-1
196,-1,1475.72,508.50,182.14,321.74,0.6012,-1,-1,-1
196,-1,581.07,1.43,78.40,168.68,0.4479,-1,-1,-1
197,-1,1481.40,507.21,174.39,321.92,0.5642,-1,-1,-1
197,-1,580.88,1.49,78.49,168.24,0.4281,-1,-1,-1
198,-1,1480.90,505.87,174.63,321.98,0.6689,-1,-1,-1
198,-1,580.81,1.52,78.59,168.28,0.4250,-1,-1,-1
199,-1,1465.55,495.87,190.96,336.83,0.7012,-1,-1,-1
199,-1,580.81,1.54,78.55,168.27,0.4196,-1,-1,-1
200,-1,1477.18,497.16,179.63,331.36,0.7285,-1,-1,-1
200,-1,580.75,1.52,78.71,168.14,0.4200,-1,-1,-1
201,-1,1464.69,488.30,192.12,336.83,0.7357,-1,-1,-1
201,-1,581.74,2.19,76.86,166.00,0.4587,-1,-1,-1
202,-1,1460.70,488.28,198.70,332.00,0.7117,-1,-1,-1
202,-1,581.66,2.22,77.06,165.85,0.4592,-1,-1,-1
203,-1,1466.89,490.56,199.42,326.41,0.6791,-1,-1,-1
203,-1,581.63,2.23,77.09,165.79,0.4514,-1,-1,-1
204,-1,1480.24,493.03,191.33,318.58,0.6513,-1,-1,-1
204,-1,581.71,2.23,77.00,165.79,0.4410,-1,-1,-1
205,-1,1478.55,492.97,190.08,314.89,0.6904,-1,-1,-1
205,-1,581.72,2.23,76.90,165.74,0.4139,-1,-1,-1
206,-1,1470.31,493.78,186.06,316.16,0.6960,-1,-1,-1
206,-1,581.59,2.20,77.05,165.95,0.4243,-1,-1,-1
207,-1,1465.56,493.37,192.57,319.28,0.7463,-1,-1,-1
207,-1,581.59,2.21,77.10,165.95,0.4143,-1,-1,-1
208,-1,1468.64,493.83,198.55,318.66,0.7670,-1,-1,-1
208,-1,581.54,2.16,77.10,166.09,0.4368,-1,-1,-1
209,-1,1463.65,494.78,194.95,316.98,0.5079,-1,-1,-1
209,-1,581.26,2.15,77.33,165.83,0.4534,-1,-1,-1
210,-1,1461.43,495.67,199.17,313.42,0.7028,-1,-1,-1
210,-1,581.22,2.19,77.34,165.79,0.4378,-1,-1,-1
211,-1,1448.84,481.39,213.82,325.74,0.7777,-1,-1,-1
211,-1,581.38,2.15,77.29,165.96,0.4413,-1,-1,-1
212,-1,1461.53,486.59,197.52,314.03,0.7123,-1,-1,-1
212,-1,581.36,2.14,77.49,165.93,0.4555,-1,-1,-1
213,-1,1456.55,508.87,201.87,291.89,0.5597,-1,-1,-1
213,-1,581.39,2.12,77.51,165.92,0.4646,-1,-1,-1
214,-1,1461.36,508.58,201.96,296.71,0.5323,-1,-1,-1
214,-1,581.29,2.09,77.76,166.08,0.5088,-1,-1,-1
215,-1,1454.48,506.20,206.10,302.70,0.7707,-1,-1,-1
215,-1,581.24,2.11,77.77,165.99,0.5037,-1,-1,-1
216,-1,581.02,2.20,78.02,165.80,0.5197,-1,-1,-1
216,-1,1452.77,514.81,211.05,289.01,0.4708,-1,-1,-1
217,-1,581.08,2.23,77.90,165.78,0.5014,-1,-1,-1
218,-1,581.14,2.27,77.86,165.78,0.4846,-1,-1,-1
219,-1,581.18,2.22,77.85,165.84,0.4992,-1,-1,-1
220,-1,1455.04,517.01,221.44,286.17,0.6553,-1,-1,-1
220,-1,581.17,2.21,77.91,165.73,0.4979,-1,-1,-1
221,-1,1456.19,518.37,221.76,280.29,0.5754,-1,-1,-1
221,-1,581.21,2.23,77.94,165.69,0.4942,-1,-1,-1
222,-1,1459.33,520.21,215.17,281.88,0.5389,-1,-1,-1
222,-1,581.21,2.28,77.87,165.61,0.4793,-1,-1,-1
223,-1,1459.18,518.72,219.58,283.47,0.7651,-1,-1,-1
223,-1,581.04,2.24,78.21,165.83,0.5487,-1,-1,-1
224,-1,581.01,2.25,78.25,165.57,0.5550,-1,-1,-1
224,-1,1463.93,522.94,215.55,279.34,0.3328,-1,-1,-1
225,-1,581.01,2.24,78.21,165.68,0.5514,-1,-1,-1
226,-1,581.02,2.15,78.11,166.11,0.5739,-1,-1,-1
226,-1,1466.38,518.42,212.59,286.71,0.5612,-1,-1,-1
227,-1,1469.35,518.69,210.94,280.90,0.7304,-1,-1,-1
227,-1,581.00,2.16,78.10,166.08,0.5759,-1,-1,-1
228,-1,1471.01,515.57,206.71,287.03,0.7387,-1,-1,-1
228,-1,580.80,2.14,78.31,166.11,0.5798,-1,-1,-1
229,-1,1470.92,519.73,209.00,266.09,0.6466,-1,-1,-1
229,-1,580.88,2.12,78.34,166.01,0.5671,-1,-1,-1
230,-1,1472.85,519.42,202.72,286.72,0.7121,-1,-1,-1
230,-1,581.03,2.14,77.98,165.96,0.5504,-1,-1,-1
231,-1,1477.14,512.94,198.19,297.83,0.7570,-1,-1,-1
231,-1,581.30,2.14,77.60,165.89,0.5318,-1,-1,-1
232,-1,1474.72,508.80,198.12,300.21,0.7254,-1,-1,-1
232,-1,581.32,2.17,77.59,165.91,0.5374,-1,-1,-1
233,-1,1474.23,502.52,196.28,314.91,0.7670,-1,-1,-1
233,-1,581.41,2.15,77.42,165.82,0.5358,-1,-1,-1
234,-1,1476.60,483.86,193.19,336.93,0.7486,-1,-1,-1
234,-1,581.42,2.12,77.38,165.87,0.5333,-1,-1,-1
235,-1,1478.46,500.73,187.62,323.22,0.8013,-1,-1,-1
235,-1,581.44,2.13,77.34,165.90,0.5181,-1,-1,-1
236,-1,1480.16,465.33,186.35,357.00,0.8357,-1,-1,-1
236,-1,581.43,2.08,77.41,166.10,0.5288,-1,-1,-1
237,-1,1481.51,495.27,185.59,323.27,0.8307,-1,-1,-1
237,-1,581.39,2.10,77.40,166.06,0.5145,-1,-1,-1
238,-1,1482.56,491.66,177.51,325.58,0.8437,-1,-1,-1
238,-1,581.38,2.08,77.43,166.10,0.5171,-1,-1,-1
239,-1,1483.01,486.64,181.56,332.91,0.8441,-1,-1,-1
239,-1,581.37,2.09,77.43,166.10,0.5145,-1,-1,-1
240,-1,1483.66,477.42,175.68,339.36,0.8236,-1,-1,-1
240,-1,581.38,2.07,77.62,166.19,0.5262,-1,-1,-1
241,-1,1487.01,485.88,179.08,330.60,0.8363,-1,-1,-1
241,-1,581.11,1.97,78.09,166.44,0.6138,-1,-1,-1
242,-1,1487.69,485.17,186.35,334.93,0.8402,-1,-1,-1
242,-1,581.18,1.97,78.07,166.48,0.6076,-1,-1,-1
243,-1,1489.88,485.42,184.72,331.07,0.8509,-1,-1,-1
243,-1,581.16,1.97,78.09,166.50,0.6090,-1,-1,-1
244,-1,1491.07,489.75,185.53,328.29,0.7983,-1,-1,-1
244,-1,581.14,1.99,78.07,166.59,0.6070,-1,-1,-1
245,-1,1490.14,491.53,184.88,323.47,0.8550,-1,-1,-1
245,-1,581.22,2.03,77.89,166.51,0.6085,-1,-1,-1
246,-1,1489.56,496.38,184.41,317.25,0.8458,-1,-1,-1
246,-1,581.19,2.02,77.94,166.44,0.6068,-1,-1,-1
247,-1,1488.57,495.92,190.24,317.14,0.8571,-1,-1,-1
247,-1,581.15,2.05,78.03,166.37,0.6032,-1,-1,-1
248,-1,1488.62,496.10,191.78,315.97,0.8346,-1,-1,-1
248,-1,581.20,2.06,77.83,166.80,0.5956,-1,-1,-1
249,-1,1485.54,495.11,194.38,317.78,0.8463,-1,-1,-1
249,-1,580.96,2.07,78.06,166.58,0.6026,-1,-1,-1
250,-1,1488.53,498.77,194.47,314.45,0.8280,-1,-1,-1
250,-1,581.02,2.08,77.97,166.68,0.5952,-1,-1,-1
251,-1,1486.31,502.44,200.64,310.15,0.8125,-1,-1,-1
251,-1,581.12,1.98,78.75,169.32,0.6892,-1,-1,-1
251,-1,476.58,2.28,75.35,169.75,0.3729,-1,-1,-1
252,-1,1486.23,506.81,201.63,309.88,0.7654,-1,-1,-1
252,-1,581.16,1.99,78.74,169.00,0.6872,-1,-1,-1
252,-1,477.51,2.72,76.92,170.05,0.3648,-1,-1,-1
253,-1,1483.73,504.41,201.74,311.60,0.7602,-1,-1,-1
253,-1,580.97,1.98,78.97,169.13,0.6862,-1,-1,-1
253,-1,477.49,2.70,76.87,170.13,0.3576,-1,-1,-1
254,-1,1483.85,505.61,201.88,311.98,0.7706,-1,-1,-1
254,-1,580.98,1.99,78.98,169.14,0.6848,-1,-1,-1
254,-1,476.61,2.33,75.58,169.62,0.3589,-1,-1,-1
255,-1,1488.08,509.80,199.74,309.19,0.7746,-1,-1,-1
255,-1,580.79,1.97,79.05,168.74,0.6894,-1,-1,-1
255,-1,477.46,2.72,76.59,170.13,0.3678,-1,-1,-1
256,-1,1488.86,515.74,199.45,297.63,0.8201,-1,-1,-1
256,-1,580.76,2.01,79.01,168.37,0.6872,-1,-1,-1
256,-1,477.44,2.71,76.86,170.18,0.3724,-1,-1,-1
257,-1,1489.05,515.72,198.41,298.17,0.8119,-1,-1,-1
257,-1,580.75,2.01,79.03,168.39,0.6882,-1,-1,-1
257,-1,477.47,2.70,76.88,170.20,0.3784,-1,-1,-1
258,-1,1487.45,518.90,201.80,300.28,0.8147,-1,-1,-1
258,-1,580.77,2.00,79.13,168.53,0.6880,-1,-1,-1
258,-1,477.46,2.72,76.83,170.20,0.3810,-1,-1,-1
259,-1,1488.28,522.55,202.35,293.74,0.7797,-1,-1,-1
259,-1,580.75,2.01,79.20,168.45,0.6870,-1,-1,-1
259,-1,477.42,2.71,76.93,170.24,0.3823,-1,-1,-1
260,-1,1488.22,525.35,203.70,296.43,0.7368,-1,-1,-1
260,-1,580.82,2.03,79.19,168.65,0.6829,-1,-1,-1
260,-1,477.43,2.72,76.93,170.23,0.3794,-1,-1,-1
261,-1,580.73,2.03,79.31,168.52,0.6848,-1,-1,-1
261,-1,1486.52,527.38,203.75,291.47,0.6435,-1,-1,-1
261,-1,477.41,2.71,77.04,170.27,0.3847,-1,-1,-1
262,-1,580.85,2.05,78.95,168.82,0.6869,-1,-1,-1
262,-1,1480.14,526.61,206.33,293.03,0.4018,-1,-1,-1
262,-1,477.38,2.69,77.08,170.28,0.3781,-1,-1,-1
263,-1,580.84,2.07,78.97,168.76,0.6846,-1,-1,-1
263,-1,1479.65,531.96,211.58,289.05,0.5520,-1,-1,-1
263,-1,477.40,2.66,76.91,170.33,0.3767,-1,-1,-1
264,-1,580.86,2.15,78.87,168.65,0.6699,-1,-1,-1
264,-1,1479.82,534.77,212.48,287.56,0.5483,-1,-1,-1
264,-1,477.50,2.68,76.69,170.30,0.3571,-1,-1,-1
265,-1,580.79,2.12,78.95,168.63,0.6735,-1,-1,-1
265,-1,477.42,2.66,76.72,170.39,0.3737,-1,-1,-1
265,-1,1474.77,534.49,219.12,281.15,0.3510,-1,-1,-1
266,-1,580.93,2.12,78.68,168.42,0.6764,-1,-1,-1
266,-1,1528.98,533.07,162.30,205.23,0.3581,-1,-1,-1
266,-1,477.45,2.63,77.64,170.19,0.3085,-1,-1,-1
267,-1,580.99,2.06,78.67,168.90,0.6734,-1,-1,-1
267,-1,1528.47,530.54,160.42,212.97,0.4076,-1,-1,-1
268,-1,580.89,2.07,78.55,168.37,0.6762,-1,-1,-1
268,-1,1525.04,532.81,164.80,203.18,0.3665,-1,-1,-1
268,-1,476.61,2.38,75.83,169.69,0.3009,-1,-1,-1
269,-1,580.79,2.10,78.64,168.38,0.6735,-1,-1,-1
269,-1,1529.00,534.47,162.97,206.03,0.5177,-1,-1,-1
269,-1,1477.21,452.44,148.70,260.37,0.3481,-1,-1,-1
269,-1,1478.04,537.81,140.85,171.77,0.3173,-1,-1,-1
270,-1,580.82,2.06,78.77,169.35,0.6731,-1,-1,-1
270,-1,1532.09,533.97,158.84,217.13,0.4839,-1,-1,-1
270,-1,476.57,2.36,76.00,169.67,0.3065,-1,-1,-1
271,-1,580.82,2.11,78.78,169.04,0.6681,-1,-1,-1
271,-1,1531.85,533.00,158.24,202.99,0.6163,-1,-1,-1
272,-1,580.78,2.14,78.70,168.14,0.6667,-1,-1,-1
272,-1,1537.90,533.49,152.92,203.61,0.4876,-1,-1,-1
273,-1,580.83,2.14,78.62,168.16,0.6629,-1,-1,-1
273,-1,1529.31,534.45,158.36,203.62,0.5440,-1,-1,-1
274,-1,580.82,2.13,78.68,168.57,0.6635,-1,-1,-1
274,-1,1524.19,531.66,161.87,209.30,0.5182,-1,-1,-1
275,-1,580.75,2.08,78.71,168.51,0.6676,-1,-1,-1
275,-1,1495.42,529.59,190.62,213.99,0.4605,-1,-1,-1
275,-1,1456.64,528.11,230.91,280.65,0.3245,-1,-1,-1
276,-1,580.72,2.08,78.70,168.55,0.6644,-1,-1,-1
276,-1,1446.35,528.89,235.01,262.92,0.6618,-1,-1,-1
276,-1,476.72,2.33,75.82,169.70,0.3043,-1,-1,-1
277,-1,580.75,2.08,78.66,168.56,0.6665,-1,-1,-1
277,-1,1447.52,526.83,227.77,250.49,0.5609,-1,-1,-1
277,-1,477.54,2.58,77.37,170.28,0.3007,-1,-1,-1
278,-1,580.81,2.05,78.52,168.64,0.6691,-1,-1,-1
278,-1,1445.60,526.40,227.62,275.48,0.6199,-1,-1,-1
278,-1,477.58,2.59,77.33,170.21,0.3018,-1,-1,-1
279,-1,580.72,2.07,78.57,168.50,0.6746,-1,-1,-1
279,-1,1453.86,524.65,217.65,262.81,0.4936,-1,-1,-1
279,-1,1366.01,534.09,300.27,234.41,0.3324,-1,-1,-1
279,-1,477.57,2.60,77.49,170.15,0.3181,-1,-1,-1
279,-1,1517.16,529.49,155.51,285.59,0.3175,-1,-1,-1
280,-1,580.66,2.04,78.70,168.54,0.6787,-1,-1,-1
280,-1,1438.02,515.16,224.78,266.43,0.6484,-1,-1,-1
280,-1,477.56,2.60,77.54,170.15,0.3253,-1,-1,-1
281,-1,580.59,2.05,78.81,168.59,0.6797,-1,-1,-1
281,-1,1438.60,530.56,220.35,278.08,0.5931,-1,-1,-1
281,-1,477.53,2.61,77.49,170.17,0.3341,-1,-1,-1
282,-1,580.61,2.02,78.91,169.14,0.6784,-1,-1,-1
282,-1,1432.96,526.55,225.67,291.08,0.5916,-1,-1,-1
282,-1,476.77,2.37,76.02,169.62,0.3348,-1,-1,-1
283,-1,580.56,2.04,78.96,168.51,0.6781,-1,-1,-1
283,-1,1434.01,524.65,223.47,275.65,0.5427,-1,-1,-1
283,-1,476.78,2.35,76.11,169.61,0.3344,-1,-1,-1
284,-1,1435.45,469.50,220.13,309.19,0.7067,-1,-1,-1
284,-1,580.57,2.00,79.05,168.70,0.6771,-1,-1,-1
284,-1,476.76,2.33,76.18,169.67,0.3301,-1,-1,-1
285,-1,1438.18,506.73,217.41,274.95,0.7411,-1,-1,-1
285,-1,580.35,2.03,79.33,168.66,0.6761,-1,-1,-1
285,-1,476.74,2.32,76.48,169.66,0.3300,-1,-1,-1
286,-1,580.51,2.04,79.24,168.54,0.6685,-1,-1,-1
286,-1,1446.09,523.94,205.48,272.92,0.6384,-1,-1,-1
286,-1,476.78,2.32,76.32,169.60,0.3184,-1,-1,-1
287,-1,580.82,2.05,78.85,168.52,0.6660,-1,-1,-1
287,-1,1445.70,521.28,207.42,280.86,0.6554,-1,-1,-1
287,-1,476.80,2.31,76.37,169.57,0.3145,-1,-1,-1
288,-1,1443.41,520.40,209.37,286.54,0.7095,-1,-1,-1
288,-1,580.83,2.04,78.94,168.65,0.6668,-1,-1,-1
288,-1,476.77,2.31,76.38,169.57,0.3171,-1,-1,-1
289,-1,1442.90,522.18,208.27,289.95,0.7347,-1,-1,-1
289,-1,580.82,2.04,78.94,168.63,0.6670,-1,-1,-1
289,-1,476.73,2.31,76.34,169.55,0.3175,-1,-1,-1
290,-1,1437.93,518.11,216.13,297.97,0.8159,-1,-1,-1
290,-1,580.74,2.08,78.92,168.07,0.6666,-1,-1,-1
290,-1,476.73,2.31,76.36,169.53,0.3067,-1,-1,-1
291,-1,1439.06,516.82,215.56,301.74,0.8151,-1,-1,-1
291,-1,580.47,2.08,79.36,167.78,0.6524,-1,-1,-1
292,-1,1440.45,515.53,211.23,304.84,0.8094,-1,-1,-1
292,-1,580.42,2.10,79.28,167.65,0.6510,-1,-1,-1
293,-1,1442.28,518.76,201.00,299.49,0.7880,-1,-1,-1
293,-1,580.43,2.08,79.26,167.53,0.6526,-1,-1,-1
294,-1,1444.34,515.41,194.98,300.84,0.7529,-1,-1,-1
294,-1,580.40,2.11,79.18,167.53,0.6494,-1,-1,-1
295,-1,1441.65,512.43,194.03,307.76,0.7535,-1,-1,-1
295,-1,580.39,2.10,79.24,167.66,0.6527,-1,-1,-1
296,-1,1442.02,511.83,193.49,306.82,0.7172,-1,-1,-1
296,-1,580.23,2.11,79.39,167.75,0.6453,-1,-1,-1
297,-1,1440.53,510.77,195.72,306.48,0.7386,-1,-1,-1
297,-1,580.35,2.20,79.23,167.58,0.6322,-1,-1,-1
298,-1,1439.17,511.25,197.48,307.24,0.7278,-1,-1,-1
298,-1,580.34,2.19,79.22,167.52,0.6355,-1,-1,-1
299,-1,1438.35,511.04,197.43,327.69,0.6733,-1,-1,-1
299,-1,580.32,2.16,79.18,167.61,0.6394,-1,-1,-1
300,-1,1438.77,510.28,193.56,334.73,0.7380,-1,-1,-1
300,-1,580.35,2.14,79.08,167.54,0.6417,-1,-1,-1
301,-1,1437.70,510.79,200.22,324.18,0.7754,-1,-1,-1
301,-1,579.26,2.30,80.03,166.17,0.5804,-1,-1,-1
302,-1,1437.15,508.52,199.53,337.25,0.7831,-1,-1,-1
302,-1,579.25,2.38,80.08,165.94,0.5789,-1,-1,-1
303,-1,1438.11,509.79,198.05,339.83,0.7823,-1,-1,-1
303,-1,579.21,2.35,80.12,165.97,0.5873,-1,-1,-1
304,-1,1433.51,510.95,203.20,347.30,0.8029,-1,-1,-1
304,-1,579.06,2.34,80.28,165.87,0.5979,-1,-1,-1
305,-1,1432.56,512.26,201.02,377.00,0.6871,-1,-1,-1
305,-1,579.01,2.36,80.28,165.86,0.5897,-1,-1,-1
306,-1,1371.76,520.75,265.47,414.57,0.7246,-1,-1,-1
306,-1,578.95,2.32,80.38,165.94,0.6036,-1,-1,-1
306,-1,476.83,2.14,71.40,170.33,0.3060,-1,-1,-1
307,-1,578.98,2.31,80.31,165.95,0.6102,-1,-1,-1
307,-1,1438.83,515.29,196.15,399.94,0.6034,-1,-1,-1
307,-1,1366.19,510.36,268.03,383.82,0.5305,-1,-1,-1
307,-1,476.82,2.15,71.40,170.34,0.3119,-1,-1,-1
308,-1,1370.29,513.96,268.12,409.92,0.6925,-1,-1,-1
308,-1,578.97,2.29,80.33,166.01,0.6136,-1,-1,-1
308,-1,476.84,2.14,71.43,170.36,0.3147,-1,-1,-1
309,-1,1433.51,518.53,201.08,396.37,0.6435,-1,-1,-1
309,-1,578.97,2.26,80.27,166.04,0.6186,-1,-1,-1
309,-1,476.90,2.13,71.32,170.29,0.3151,-1,-1,-1
310,-1,1434.26,517.94,195.27,412.03,0.6579,-1,-1,-1
310,-1,579.05,2.22,80.52,166.43,0.6188,-1,-1,-1
310,-1,476.93,2.11,71.20,170.30,0.3124,-1,-1,-1
311,-1,1431.56,520.01,198.46,409.20,0.6364,-1,-1,-1
311,-1,579.09,2.25,80.44,166.34,0.6145,-1,-1,-1
312,-1,1374.72,526.98,257.30,408.01,0.6811,-1,-1,-1
312,-1,579.07,2.25,80.42,166.24,0.6095,-1,-1,-1
313,-1,1431.10,522.25,203.19,408.33,0.7146,-1,-1,-1
313,-1,579.06,2.22,80.31,166.25,0.6152,-1,-1,-1
314,-1,1437.01,524.30,195.09,408.18,0.6976,-1,-1,-1
314,-1,579.05,2.21,80.33,166.28,0.6105,-1,-1,-1
315,-1,1434.82,526.21,198.64,405.99,0.7505,-1,-1,-1
315,-1,579.12,2.23,80.09,166.11,0.5981,-1,-1,-1
316,-1,1438.03,530.00,194.67,405.33,0.6736,-1,-1,-1
316,-1,579.29,2.31,79.79,166.20,0.5839,-1,-1,-1
317,-1,1441.86,531.76,190.74,404.41,0.6945,-1,-1,-1
317,-1,579.23,2.31,79.88,166.24,0.5801,-1,-1,-1
318,-1,1426.82,541.02,206.85,393.82,0.6150,-1,-1,-1
318,-1,579.29,2.32,79.94,166.26,0.5798,-1,-1,-1
319,-1,1423.76,540.23,212.13,394.84,0.6670,-1,-1,-1
319,-1,579.25,2.30,79.96,166.28,0.5827,-1,-1,-1
320,-1,1443.26,536.42,191.73,397.11,0.6625,-1,-1,-1
320,-1,579.17,2.32,80.01,166.30,0.5782,-1,-1,-1
321,-1,1444.52,535.95,190.96,398.11,0.6947,-1,-1,-1
321,-1,579.11,2.31,80.07,166.34,0.5915,-1,-1,-1
322,-1,1440.28,540.94,196.45,389.56,0.7138,-1,-1,-1
322,-1,579.10,2.32,80.07,166.34,0.5884,-1,-1,-1
323,-1,1440.36,546.18,196.78,384.39,0.7079,-1,-1,-1
323,-1,579.08,2.31,80.10,166.38,0.5937,-1,-1,-1
324,-1,1442.97,549.37,194.54,381.91,0.7715,-1,-1,-1
324,-1,579.11,2.30,80.13,166.41,0.5935,-1,-1,-1
325,-1,1449.19,549.16,190.58,381.80,0.8064,-1,-1,-1
325,-1,579.11,2.33,80.14,166.37,0.5886,-1,-1,-1
326,-1,1449.79,548.88,192.24,380.96,0.7973,-1,-1,-1
326,-1,579.05,2.36,80.22,166.34,0.5858,-1,-1,-1
327,-1,1447.10,547.77,196.56,382.49,0.8311,-1,-1,-1
327,-1,578.85,2.34,80.34,166.34,0.5779,-1,-1,-1
328,-1,1448.34,547.53,195.55,382.65,0.8312,-1,-1,-1
328,-1,578.71,2.31,80.59,166.44,0.5946,-1,-1,-1
329,-1,1447.86,548.50,196.59,384.14,0.7636,-1,-1,-1
329,-1,578.72,2.27,80.52,166.46,0.5978,-1,-1,-1
330,-1,1446.66,547.82,198.35,384.63,0.7074,-1,-1,-1
330,-1,578.70,2.25,80.51,166.27,0.6030,-1,-1,-1
331,-1,1445.76,549.57,200.45,383.06,0.7480,-1,-1,-1
331,-1,578.72,2.24,80.51,166.30,0.6028,-1,-1,-1
332,-1,1444.63,548.44,204.83,382.66,0.7500,-1,-1,-1
332,-1,578.73,2.22,80.50,166.35,0.6087,-1,-1,-1
333,-1,1441.88,550.08,207.63,381.85,0.7483,-1,-1,-1
333,-1,578.64,2.24,80.54,166.30,0.6030,-1,-1,-1
334,-1,1442.66,548.66,207.95,369.27,0.7456,-1,-1,-1
334,-1,578.70,2.23,80.45,166.22,0.5883,-1,-1,-1
335,-1,1440.69,553.14,209.54,309.95,0.7429,-1,-1,-1
335,-1,578.68,2.25,80.50,166.18,0.5969,-1,-1,-1
336,-1,1441.40,550.01,209.98,350.85,0.7024,-1,-1,-1
336,-1,578.56,2.24,80.49,166.19,0.6083,-1,-1,-1
337,-1,1441.08,508.91,211.26,382.67,0.6844,-1,-1,-1
337,-1,579.27,2.26,79.80,166.55,0.5858,-1,-1,-1
338,-1,1440.30,548.30,213.18,350.84,0.7711,-1,-1,-1
338,-1,579.28,2.26,79.77,166.52,0.5811,-1,-1,-1
339,-1,1437.06,538.27,217.89,367.96,0.7134,-1,-1,-1
339,-1,579.22,2.19,79.81,166.75,0.5836,-1,-1,-1
340,-1,1439.44,538.82,214.34,384.96,0.6907,-1,-1,-1
340,-1,579.32,2.16,79.64,166.70,0.5844,-1,-1,-1
341,-1,1440.15,543.24,208.32,386.59,0.7450,-1,-1,-1
341,-1,579.64,2.27,79.18,166.51,0.5399,-1,-1,-1
342,-1,1440.52,548.04,206.48,383.25,0.7246,-1,-1,-1
342,-1,1508.75,548.00,137.42,385.19,0.5801,-1,-1,-1
342,-1,579.67,2.26,79.17,166.59,0.5357,-1,-1,-1
343,-1,1440.30,548.14,205.67,380.94,0.6779,-1,-1,-1
343,-1,579.71,2.30,78.97,166.45,0.5249,-1,-1,-1
344,-1,1439.68,545.71,203.09,383.36,0.6611,-1,-1,-1
344,-1,579.91,2.30,78.78,166.45,0.5138,-1,-1,-1
345,-1,1441.40,547.14,203.75,382.01,0.6889,-1,-1,-1
345,-1,579.67,2.23,79.00,166.73,0.5292,-1,-1,-1
346,-1,1444.91,551.33,194.99,355.04,0.6629,-1,-1,-1
346,-1,579.93,2.24,78.78,166.69,0.5001,-1,-1,-1
347,-1,1437.37,483.87,209.52,444.27,0.5700,-1,-1,-1
347,-1,579.96,2.23,78.77,166.65,0.5004,-1,-1,-1
348,-1,1442.09,485.75,206.59,441.22,0.5767,-1,-1,-1
348,-1,579.89,2.21,78.85,166.66,0.5227,-1,-1,-1
349,-1,1439.31,482.22,206.35,445.85,0.5727,-1,-1,-1
349,-1,579.99,2.20,78.83,166.49,0.5138,-1,-1,-1
349,-1,1437.18,499.53,206.15,298.32,0.4583,-1,-1,-1
350,-1,1443.06,540.85,202.26,387.53,0.6715,-1,-1,-1
350,-1,580.01,2.19,78.70,167.13,0.5122,-1,-1,-1
351,-1,1439.56,530.73,208.24,398.22,0.6032,-1,-1,-1
351,-1,582.67,2.29,76.93,173.92,0.5198,-1,-1,-1
352,-1,1438.95,524.19,209.51,404.90,0.5762,-1,-1,-1
352,-1,582.65,2.30,77.01,169.29,0.5350,-1,-1,-1
352,-1,1433.58,523.92,212.90,280.43,0.3636,-1,-1,-1
353,-1,1439.63,530.26,208.19,399.25,0.6348,-1,-1,-1
353,-1,582.75,2.34,76.84,169.13,0.5203,-1,-1,-1
354,-1,1438.98,535.81,199.73,394.62,0.5549,-1,-1,-1
354,-1,581.97,1.70,78.59,169.70,0.5091,-1,-1,-1
354,-1,1436.48,542.52,203.68,271.90,0.4840,-1,-1,-1
355,-1,1440.33,537.11,195.84,394.03,0.5529,-1,-1,-1
355,-1,1437.38,547.28,200.01,271.01,0.5244,-1,-1,-1
355,-1,582.02,1.69,78.33,169.65,0.5223,-1,-1,-1
356,-1,582.71,2.37,76.68,167.54,0.5432,-1,-1,-1
356,-1,1486.66,540.57,150.59,387.45,0.5359,-1,-1,-1
356,-1,1434.99,559.14,141.51,225.58,0.4234,-1,-1,-1
356,-1,1437.90,546.80,199.40,279.19,0.4097,-1,-1,-1
357,-1,1444.21,539.82,193.81,388.53,0.7230,-1,-1,-1
357,-1,582.64,2.29,76.72,167.80,0.5433,-1,-1,-1
358,-1,1439.82,539.56,197.12,391.49,0.7292,-1,-1,-1
358,-1,582.73,2.33,76.58,167.45,0.5372,-1,-1,-1
359,-1,1442.22,536.37,194.61,392.62,0.7076,-1,-1,-1
359,-1,582.54,2.32,76.74,167.41,0.5427,-1,-1,-1
360,-1,1439.80,539.57,199.30,391.86,0.6442,-1,-1,-1
360,-1,582.59,2.33,76.78,167.09,0.5405,-1,-1,-1
361,-1,1448.56,537.96,191.52,390.76,0.6626,-1,-1,-1
361,-1,582.59,2.31,76.81,166.87,0.5366,-1,-1,-1
362,-1,1440.90,538.64,201.50,390.06,0.6779,-1,-1,-1
362,-1,582.52,2.28,76.81,166.62,0.5496,-1,-1,-1
363,-1,1452.39,542.82,189.53,385.85,0.6360,-1,-1,-1
363,-1,582.69,2.33,76.59,166.23,0.5518,-1,-1,-1
364,-1,1445.22,543.03,197.27,384.55,0.6656,-1,-1,-1
364,-1,582.71,2.31,76.63,166.27,0.5560,-1,-1,-1
365,-1,1441.91,550.21,199.91,377.84,0.7026,-1,-1,-1
365,-1,582.55,2.42,76.75,166.10,0.5348,-1,-1,-1
366,-1,1442.12,550.29,200.15,378.35,0.6929,-1,-1,-1
366,-1,581.91,2.42,77.63,165.46,0.5553,-1,-1,-1
367,-1,1444.04,549.35,200.46,380.17,0.6827,-1,-1,-1
367,-1,581.93,2.43,77.59,165.48,0.5564,-1,-1,-1
368,-1,1442.15,541.52,204.37,390.41,0.6622,-1,-1,-1
368,-1,581.96,2.43,77.41,165.84,0.5482,-1,-1,-1
369,-1,1440.86,547.18,206.27,381.99,0.7627,-1,-1,-1
369,-1,581.86,2.40,77.57,166.03,0.5253,-1,-1,-1
370,-1,1442.58,544.34,208.03,383.71,0.8113,-1,-1,-1
370,-1,581.86,2.38,77.65,166.15,0.4889,-1,-1,-1
371,-1,1442.78,543.72,210.90,382.97,0.7821,-1,-1,-1
371,-1,581.90,2.38,77.58,166.11,0.4973,-1,-1,-1
372,-1,1444.13,542.78,211.90,384.45,0.7502,-1,-1,-1
372,-1,581.83,2.37,77.65,166.11,0.5057,-1,-1,-1
373,-1,1443.77,542.04,213.82,384.92,0.7405,-1,-1,-1
373,-1,581.81,2.42,77.49,165.98,0.4820,-1,-1,-1
374,-1,1446.19,543.97,211.24,384.18,0.7625,-1,-1,-1
374,-1,581.87,2.40,77.50,166.28,0.5049,-1,-1,-1
375,-1,1446.30,545.66,211.20,381.46,0.7327,-1,-1,-1
375,-1,581.86,2.40,77.61,166.54,0.5050,-1,-1,-1
376,-1,1442.90,543.13,213.41,384.47,0.7505,-1,-1,-1
376,-1,581.80,2.38,77.64,166.16,0.4918,-1,-1,-1
377,-1,1443.08,541.07,211.65,384.84,0.6892,-1,-1,-1
377,-1,581.80,2.40,77.63,166.23,0.4968,-1,-1,-1
378,-1,1440.13,541.48,211.48,387.80,0.6674,-1,-1,-1
378,-1,581.58,2.31,77.88,166.33,0.5467,-1,-1,-1
379,-1,1441.71,546.60,205.58,382.15,0.7256,-1,-1,-1
379,-1,581.59,2.27,77.85,166.16,0.5495,-1,-1,-1
380,-1,1441.84,547.25,202.05,382.55,0.6795,-1,-1,-1
380,-1,581.82,2.25,77.59,167.10,0.5263,-1,-1,-1
381,-1,1447.82,546.50,192.37,383.42,0.6287,-1,-1,-1
381,-1,581.76,2.30,77.60,166.97,0.4974,-1,-1,-1
382,-1,1473.32,540.43,169.05,389.86,0.5049,-1,-1,-1
382,-1,581.81,2.30,77.53,166.87,0.4924,-1,-1,-1
382,-1,1437.93,548.23,205.35,248.61,0.4555,-1,-1,-1
382,-1,1435.09,552.88,151.43,231.28,0.3454,-1,-1,-1
383,-1,1456.24,544.71,183.60,370.33,0.5764,-1,-1,-1
383,-1,581.76,2.29,77.54,166.78,0.4730,-1,-1,-1
384,-1,1438.15,546.17,205.08,358.17,0.6092,-1,-1,-1
384,-1,581.70,2.26,77.35,167.28,0.5075,-1,-1,-1
385,-1,1437.00,547.22,208.09,341.79,0.5977,-1,-1,-1
385,-1,581.71,2.26,77.33,167.21,0.5095,-1,-1,-1
386,-1,1437.01,547.23,207.88,320.66,0.5916,-1,-1,-1
386,-1,581.73,2.25,77.33,167.55,0.5058,-1,-1,-1
387,-1,1438.21,552.87,201.28,340.00,0.6846,-1,-1,-1
387,-1,581.74,2.26,77.34,167.54,0.5074,-1,-1,-1
388,-1,1438.65,549.61,198.54,359.97,0.6738,-1,-1,-1
388,-1,581.84,2.25,77.28,167.81,0.5113,-1,-1,-1
389,-1,1438.32,551.20,204.22,359.98,0.6729,-1,-1,-1
389,-1,581.76,2.23,77.38,168.03,0.5140,-1,-1,-1
390,-1,581.62,2.21,77.72,169.01,0.5281,-1,-1,-1
390,-1,1442.77,559.50,199.00,336.00,0.4718,-1,-1,-1
390,-1,1535.87,558.09,108.97,291.08,0.4065,-1,-1,-1
390,-1,1430.29,568.84,162.83,274.27,0.3365,-1,-1,-1
391,-1,581.92,2.23,77.35,169.55,0.5226,-1,-1,-1
391,-1,1443.73,561.05,202.84,333.99,0.5212,-1,-1,-1
391,-1,1429.73,569.81,154.10,239.38,0.3155,-1,-1,-1
391,-1,1531.85,562.02,117.13,299.07,0.3135,-1,-1,-1
392,-1,1440.08,561.62,208.12,317.58,0.6191,-1,-1,-1
392,-1,581.90,2.21,77.43,169.52,0.5250,-1,-1,-1
392,-1,1506.11,559.93,143.97,309.30,0.3393,-1,-1,-1
393,-1,1439.69,566.47,204.99,304.62,0.6600,-1,-1,-1
393,-1,581.93,2.16,77.47,169.25,0.5279,-1,-1,-1
394,-1,1439.72,566.29,203.01,320.46,0.6997,-1,-1,-1
394,-1,582.07,2.17,77.30,169.18,0.5128,-1,-1,-1
395,-1,1440.97,567.51,203.23,315.46,0.6703,-1,-1,-1
395,-1,582.06,2.19,77.36,169.42,0.5014,-1,-1,-1
396,-1,1444.65,564.91,202.81,341.30,0.6463,-1,-1,-1
396,-1,582.07,2.23,76.98,168.13,0.4919,-1,-1,-1
397,-1,1443.56,563.65,205.29,352.62,0.5952,-1,-1,-1
397,-1,582.24,2.24,76.84,168.25,0.4889,-1,-1,-1
398,-1,1443.81,561.69,202.54,331.07,0.6412,-1,-1,-1
398,-1,582.22,2.22,76.93,168.71,0.4883,-1,-1,-1
399,-1,1442.80,557.29,202.03,349.61,0.7118,-1,-1,-1
399,-1,582.16,2.20,76.99,168.83,0.4952,-1,-1,-1
400,-1,1441.82,565.91,204.95,324.15,0.6998,-1,-1,-1
400,-1,582.21,2.20,77.05,169.18,0.4902,-1,-1,-1
401,-1,1446.12,565.74,204.13,307.63,0.6180,-1,-1,-1
401,-1,580.84,2.10,77.96,167.82,0.5518,-1,-1,-1
402,-1,1451.62,563.71,200.31,299.39,0.6284,-1,-1,-1
402,-1,581.03,2.07,77.82,168.20,0.5518,-1,-1,-1
402,-1,1365.53,569.91,286.45,280.32,0.3579,-1,-1,-1
403,-1,1441.21,565.95,213.61,312.37,0.6264,-1,-1,-1
403,-1,581.14,2.10,77.69,168.16,0.5364,-1,-1,-1
404,-1,581.17,2.12,77.66,168.21,0.5298,-1,-1,-1
404,-1,1442.03,565.89,214.16,289.80,0.5264,-1,-1,-1
405,-1,580.79,2.13,78.12,168.40,0.5605,-1,-1,-1
405,-1,1441.66,564.17,213.22,336.66,0.5253,-1,-1,-1
405,-1,1433.31,568.69,219.48,230.61,0.4824,-1,-1,-1
406,-1,580.83,2.16,77.96,169.01,0.5366,-1,-1,-1
406,-1,1437.42,544.12,214.08,257.83,0.4751,-1,-1,-1
406,-1,1449.15,555.73,201.98,359.93,0.4572,-1,-1,-1
406,-1,1365.58,556.56,285.95,283.92,0.3654,-1,-1,-1
407,-1,580.84,2.15,78.02,168.92,0.5523,-1,-1,-1
407,-1,1435.69,558.50,214.04,252.99,0.5323,-1,-1,-1
407,-1,1444.26,552.88,206.58,362.43,0.5107,-1,-1,-1
407,-1,1365.50,558.57,283.13,289.90,0.3710,-1,-1,-1
408,-1,580.97,2.18,77.88,168.86,0.5355,-1,-1,-1
408,-1,1446.85,560.95,201.97,356.52,0.4950,-1,-1,-1
408,-1,1443.98,564.42,202.57,239.39,0.4940,-1,-1,-1
408,-1,1365.61,561.47,280.21,292.17,0.4842,-1,-1,-1
409,-1,1434.27,562.26,212.51,238.72,0.5909,-1,-1,-1
409,-1,580.80,2.19,77.89,168.58,0.5504,-1,-1,-1
410,-1,580.86,2.18,77.91,168.44,0.5611,-1,-1,-1
410,-1,1441.72,558.39,205.21,240.86,0.5577,-1,-1,-1
410,-1,1364.59,563.29,277.06,231.80,0.3949,-1,-1,-1
411,-1,580.79,2.18,78.06,168.68,0.5656,-1,-1,-1
411,-1,1442.12,561.57,202.26,234.06,0.5102,-1,-1,-1
411,-1,1364.51,566.41,276.58,231.92,0.3424,-1,-1,-1
412,-1,1445.08,555.41,200.75,240.11,0.5877,-1,-1,-1
412,-1,580.77,2.18,78.08,168.72,0.5652,-1,-1,-1
412,-1,1364.36,557.21,283.56,244.65,0.4762,-1,-1,-1
413,-1,1444.05,556.88,200.13,234.03,0.5796,-1,-1,-1
413,-1,580.85,2.18,78.02,168.72,0.5685,-1,-1,-1
413,-1,1364.13,558.86,282.26,238.94,0.4804,-1,-1,-1
413,-1,1492.22,713.13,133.26,212.26,0.3410,-1,-1,-1
414,-1,580.81,2.13,78.05,168.97,0.5817,-1,-1,-1
414,-1,1446.63,555.09,196.29,233.82,0.5462,-1,-1,-1
414,-1,1364.50,556.60,278.15,242.54,0.4708,-1,-1,-1
415,-1,580.89,2.09,78.04,169.67,0.5953,-1,-1,-1
415,-1,1444.33,552.35,199.92,350.59,0.5635,-1,-1,-1
415,-1,1372.24,553.29,270.36,259.84,0.3543,-1,-1,-1
416,-1,580.71,1.99,78.39,169.96,0.6125,-1,-1,-1
416,-1,1435.37,553.33,208.12,244.16,0.5950,-1,-1,-1
416,-1,1441.01,551.27,203.08,346.68,0.5285,-1,-1,-1
417,-1,1438.97,552.39,206.03,247.07,0.6360,-1,-1,-1
417,-1,580.67,2.02,78.45,170.06,0.6051,-1,-1,-1
418,-1,580.64,2.02,78.70,171.43,0.5984,-1,-1,-1
418,-1,1442.66,551.48,200.85,353.04,0.5794,-1,-1,-1
418,-1,1370.55,552.38,271.68,277.54,0.3409,-1,-1,-1
419,-1,1441.51,555.36,199.77,243.55,0.6100,-1,-1,-1
419,-1,580.77,2.03,78.65,171.55,0.5905,-1,-1,-1
420,-1,580.77,2.02,78.65,171.69,0.5899,-1,-1,-1
420,-1,1441.73,554.57,202.52,244.38,0.5429,-1,-1,-1
421,-1,580.76,2.01,78.70,169.85,0.5864,-1,-1,-1
421,-1,1439.90,552.58,205.51,323.93,0.5464,-1,-1,-1
422,-1,1439.39,553.28,206.12,263.92,0.5602,-1,-1,-1
422,-1,580.76,2.09,78.66,170.01,0.5474,-1,-1,-1
423,-1,1438.08,550.97,208.27,345.63,0.5520,-1,-1,-1
423,-1,580.75,2.11,78.53,169.76,0.5478,-1,-1,-1
424,-1,1459.58,551.84,183.90,355.34,0.5633,-1,-1,-1
424,-1,580.72,2.13,78.53,168.72,0.5480,-1,-1,-1
425,-1,1438.60,553.01,207.48,373.78,0.6433,-1,-1,-1
425,-1,580.72,2.15,78.24,167.63,0.5412,-1,-1,-1
426,-1,1434.77,554.57,211.21,264.16,0.6329,-1,-1,-1
426,-1,580.76,2.16,78.26,167.75,0.5444,-1,-1,-1
427,-1,1437.91,554.52,207.57,277.39,0.5879,-1,-1,-1
427,-1,580.76,2.15,78.31,167.64,0.5489,-1,-1,-1
428,-1,1435.11,550.65,213.06,293.36,0.5955,-1,-1,-1
428,-1,580.74,2.16,78.33,167.69,0.5439,-1,-1,-1
429,-1,1434.92,554.65,212.82,280.12,0.6325,-1,-1,-1
429,-1,580.71,2.18,78.48,167.26,0.5376,-1,-1,-1
430,-1,580.77,2.20,78.39,167.60,0.5345,-1,-1,-1
430,-1,1483.30,561.53,165.94,344.11,0.3825,-1,-1,-1
430,-1,1437.05,559.71,209.73,274.06,0.3066,-1,-1,-1
431,-1,580.83,2.17,78.32,167.71,0.5329,-1,-1,-1
431,-1,1434.60,560.37,213.77,261.41,0.5218,-1,-1,-1
432,-1,580.87,2.17,78.27,167.71,0.5275,-1,-1,-1
432,-1,1434.98,563.39,211.98,262.70,0.4510,-1,-1,-1
432,-1,1429.52,567.19,152.97,228.14,0.4233,-1,-1,-1
432,-1,1488.80,565.48,160.12,299.26,0.4002,-1,-1,-1
433,-1,1434.85,560.79,212.69,267.05,0.5332,-1,-1,-1
433,-1,580.65,2.12,78.46,167.77,0.5269,-1,-1,-1
433,-1,1487.43,561.64,161.39,295.00,0.3469,-1,-1,-1
434,-1,1430.78,564.83,213.19,249.20,0.5747,-1,-1,-1
434,-1,580.65,2.10,78.33,168.91,0.5255,-1,-1,-1
435,-1,1436.08,559.16,213.60,274.02,0.6739,-1,-1,-1
435,-1,580.71,2.15,78.23,169.08,0.5151,-1,-1,-1
436,-1,1436.06,560.99,213.13,285.48,0.7131,-1,-1,-1
436,-1,580.73,2.15,78.16,169.37,0.5189,-1,-1,-1
437,-1,1436.79,559.83,214.71,296.07,0.7492,-1,-1,-1
437,-1,580.74,2.15,78.14,169.33,0.5162,-1,-1,-1
438,-1,1437.11,558.52,215.70,296.09,0.7439,-1,-1,-1
438,-1,580.48,2.09,78.44,169.35,0.5851,-1,-1,-1
439,-1,1439.32,553.36,212.84,311.55,0.7311,-1,-1,-1
439,-1,580.50,2.13,78.41,169.38,0.5806,-1,-1,-1
440,-1,1437.47,549.17,217.37,309.14,0.7564,-1,-1,-1
440,-1,580.49,2.10,78.57,168.98,0.5829,-1,-1,-1
441,-1,1437.58,553.77,216.16,310.21,0.7483,-1,-1,-1
441,-1,581.03,2.16,77.74,168.45,0.4706,-1,-1,-1
442,-1,1439.72,552.75,213.28,310.98,0.7325,-1,-1,-1
442,-1,581.08,2.16,77.59,168.16,0.4697,-1,-1,-1
443,-1,1438.66,553.28,213.97,311.91,0.7106,-1,-1,-1
443,-1,581.05,2.18,77.54,168.02,0.4570,-1,-1,-1
444,-1,1436.40,547.22,214.68,317.01,0.6263,-1,-1,-1
444,-1,581.01,2.20,77.60,167.88,0.4682,-1,-1,-1
445,-1,1436.97,558.81,213.53,254.86,0.5131,-1,-1,-1
445,-1,581.08,2.15,77.43,168.88,0.4823,-1,-1,-1
446,-1,581.11,2.18,77.46,167.81,0.4953,-1,-1,-1
446,-1,1437.82,562.25,213.60,238.14,0.4647,-1,-1,-1
447,-1,1438.09,559.59,209.62,259.77,0.5660,-1,-1,-1
447,-1,581.09,2.16,77.49,167.77,0.5015,-1,-1,-1
447,-1,1443.02,557.27,203.99,366.62,0.3190,-1,-1,-1
448,-1,1434.73,561.97,214.79,247.92,0.6305,-1,-1,-1
448,-1,581.19,2.20,77.36,167.82,0.4865,-1,-1,-1
449,-1,1434.67,542.21,215.08,281.77,0.6352,-1,-1,-1
449,-1,581.23,2.18,77.34,167.79,0.4828,-1,-1,-1
450,-1,1434.61,536.04,216.76,292.06,0.6721,-1,-1,-1
450,-1,581.16,2.16,77.41,167.32,0.4909,-1,-1,-1
451,-1,1436.32,536.31,214.25,329.29,0.6540,-1,-1,-1
451,-1,580.34,2.60,79.26,166.29,0.3350,-1,-1,-1
452,-1,1436.87,539.74,213.32,328.29,0.6568,-1,-1,-1
452,-1,580.16,2.41,79.45,166.51,0.3374,-1,-1,-1
453,-1,1438.39,545.01,215.74,372.27,0.6717,-1,-1,-1
453,-1,580.12,2.37,79.28,166.58,0.3330,-1,-1,-1
454,-1,1437.42,551.05,216.83,378.21,0.6741,-1,-1,-1
454,-1,580.07,2.66,78.91,166.96,0.3290,-1,-1,-1
455,-1,1436.15,556.12,219.18,374.47,0.6618,-1,-1,-1
455,-1,580.12,2.60,79.04,167.09,0.3260,-1,-1,-1
456,-1,1433.71,556.26,221.42,373.87,0.6254,-1,-1,-1
456,-1,579.97,2.29,79.68,166.73,0.3562,-1,-1,-1
457,-1,1433.67,557.36,221.59,371.73,0.5878,-1,-1,-1
457,-1,580.10,2.31,79.46,166.67,0.3558,-1,-1,-1
458,-1,1437.54,555.44,219.24,373.35,0.6156,-1,-1,-1
458,-1,579.91,2.63,79.10,167.11,0.3437,-1,-1,-1
459,-1,1440.04,555.07,217.25,372.40,0.6301,-1,-1,-1
459,-1,580.14,2.71,78.83,166.98,0.3152,-1,-1,-1
460,-1,1437.19,550.20,221.30,379.49,0.6361,-1,-1,-1
460,-1,580.02,2.72,78.78,166.94,0.3302,-1,-1,-1
461,-1,1439.74,549.54,217.71,377.67,0.6268,-1,-1,-1
461,-1,579.90,2.69,78.88,166.99,0.3369,-1,-1,-1
462,-1,1433.86,486.66,223.02,341.57,0.6045,-1,-1,-1
462,-1,1438.11,536.27,218.61,367.95,0.5622,-1,-1,-1
462,-1,579.91,2.67,78.89,167.03,0.3357,-1,-1,-1
463,-1,1437.80,546.58,219.15,371.37,0.6359,-1,-1,-1
463,-1,579.96,2.62,78.92,167.11,0.3403,-1,-1,-1
464,-1,1438.34,549.98,218.50,366.44,0.5814,-1,-1,-1
464,-1,579.95,2.54,78.85,167.37,0.3363,-1,-1,-1
464,-1,1420.48,546.86,231.82,259.87,0.3208,-1,-1,-1
465,-1,1438.37,548.98,219.47,384.35,0.7329,-1,-1,-1
465,-1,579.91,2.50,78.78,167.51,0.3568,-1,-1,-1
466,-1,1438.79,553.16,217.80,378.98,0.7345,-1,-1,-1
466,-1,581.06,2.46,77.37,166.29,0.4037,-1,-1,-1
467,-1,1437.90,554.03,218.57,374.47,0.6987,-1,-1,-1
467,-1,581.04,2.46,77.41,166.20,0.4028,-1,-1,-1
468,-1,1436.90,552.03,219.31,377.99,0.6885,-1,-1,-1
468,-1,581.07,2.42,77.38,166.35,0.4169,-1,-1,-1
469,-1,1437.94,551.91,217.75,365.92,0.5545,-1,-1,-1
469,-1,1436.04,555.77,218.23,245.92,0.4635,-1,-1,-1
469,-1,580.74,2.41,77.69,166.47,0.4456,-1,-1,-1
470,-1,1438.79,552.44,216.88,376.21,0.6211,-1,-1,-1
470,-1,580.74,2.42,77.71,166.38,0.4473,-1,-1,-1
471,-1,1439.19,553.53,213.70,347.46,0.6176,-1,-1,-1
471,-1,580.72,2.44,77.68,166.43,0.4515,-1,-1,-1
472,-1,1438.46,553.05,215.71,266.04,0.6289,-1,-1,-1
472,-1,1441.58,549.89,213.68,374.47,0.5374,-1,-1,-1
472,-1,580.72,2.46,77.60,166.51,0.4383,-1,-1,-1
473,-1,1437.93,552.50,215.31,251.04,0.5978,-1,-1,-1
473,-1,580.73,2.47,77.57,166.51,0.4388,-1,-1,-1
473,-1,1442.81,546.69,211.57,357.28,0.3874,-1,-1,-1
474,-1,1437.77,549.46,215.61,334.91,0.6844,-1,-1,-1
474,-1,580.64,2.47,77.75,166.28,0.4497,-1,-1,-1
475,-1,1437.20,548.49,218.05,333.19,0.6256,-1,-1,-1
475,-1,580.50,2.47,77.82,166.34,0.4456,-1,-1,-1
476,-1,1437.31,551.25,214.88,328.23,0.7228,-1,-1,-1
476,-1,580.53,2.46,77.81,166.26,0.4418,-1,-1,-1
477,-1,1438.04,549.76,215.46,337.95,0.7222,-1,-1,-1
477,-1,580.49,2.46,77.86,166.29,0.4425,-1,-1,-1
478,-1,1437.48,545.93,218.08,337.74,0.6610,-1,-1,-1
478,-1,580.54,2.45,77.82,166.32,0.4425,-1,-1,-1
479,-1,1438.27,546.28,220.13,337.58,0.7031,-1,-1,-1
479,-1,580.50,2.43,77.92,166.45,0.4729,-1,-1,-1
480,-1,1439.21,545.32,221.85,344.50,0.6620,-1,-1,-1
480,-1,580.53,2.41,77.87,166.37,0.4753,-1,-1,-1
481,-1,1436.72,545.28,227.93,321.37,0.7066,-1,-1,-1
481,-1,580.60,2.44,77.85,166.38,0.4721,-1,-1,-1
482,-1,1436.83,542.35,230.57,323.47,0.6856,-1,-1,-1
482,-1,580.82,2.43,77.56,166.33,0.4454,-1,-1,-1
483,-1,1439.43,540.56,230.39,349.54,0.6729,-1,-1,-1
483,-1,580.88,2.47,77.49,166.28,0.4414,-1,-1,-1
484,-1,1435.21,538.45,237.04,303.53,0.6514,-1,-1,-1
484,-1,580.83,2.48,77.49,166.43,0.4337,-1,-1,-1
485,-1,1435.73,539.08,237.90,291.83,0.6406,-1,-1,-1
485,-1,580.83,2.48,77.52,166.39,0.4350,-1,-1,-1
486,-1,1434.98,537.83,239.20,331.30,0.6110,-1,-1,-1
486,-1,580.02,2.04,78.94,167.39,0.4187,-1,-1,-1
487,-1,1433.79,534.89,239.23,329.95,0.6907,-1,-1,-1
487,-1,579.94,2.00,79.08,167.44,0.4330,-1,-1,-1
488,-1,1437.52,534.87,235.01,325.19,0.6294,-1,-1,-1
488,-1,579.94,2.00,79.09,167.39,0.4384,-1,-1,-1
489,-1,1439.03,532.53,228.20,335.10,0.7592,-1,-1,-1
489,-1,579.94,2.03,79.13,167.41,0.4347,-1,-1,-1
490,-1,1436.94,532.18,228.80,338.84,0.7568,-1,-1,-1
490,-1,580.73,2.50,77.79,166.23,0.4359,-1,-1,-1
491,-1,1435.32,531.68,229.77,348.51,0.7775,-1,-1,-1
491,-1,579.89,2.46,78.96,166.19,0.5285,-1,-1,-1
492,-1,1430.07,533.91,231.46,361.95,0.7046,-1,-1,-1
492,-1,579.94,2.45,78.94,166.02,0.5218,-1,-1,-1
493,-1,1431.11,532.71,229.34,348.09,0.6692,-1,-1,-1
493,-1,579.76,2.42,79.13,166.03,0.5372,-1,-1,-1
493,-1,1367.56,533.07,293.06,298.03,0.3476,-1,-1,-1
494,-1,1433.68,533.22,224.07,382.68,0.6158,-1,-1,-1
494,-1,579.73,2.43,79.23,165.88,0.5192,-1,-1,-1
495,-1,1371.45,538.35,285.10,388.29,0.5975,-1,-1,-1
495,-1,579.70,2.46,79.29,165.83,0.5148,-1,-1,-1
495,-1,1467.65,534.79,188.47,390.26,0.4102,-1,-1,-1
496,-1,1369.99,532.83,281.94,366.73,0.5549,-1,-1,-1
496,-1,579.78,2.47,79.27,165.80,0.5157,-1,-1,-1
496,-1,1484.62,536.29,168.46,385.38,0.3777,-1,-1,-1
496,-1,1367.98,536.56,281.42,258.67,0.3614,-1,-1,-1
497,-1,1368.42,533.67,282.34,334.10,0.7101,-1,-1,-1
497,-1,579.77,2.46,79.28,165.80,0.5183,-1,-1,-1
498,-1,579.81,2.44,79.19,165.84,0.5254,-1,-1,-1
498,-1,1368.35,541.70,277.70,247.58,0.4420,-1,-1,-1
499,-1,1368.39,551.66,201.23,223.37,0.5682,-1,-1,-1
499,-1,579.73,2.45,79.25,165.79,0.5129,-1,-1,-1
499,-1,1505.02,540.17,138.12,330.17,0.3774,-1,-1,-1
500,-1,1367.64,553.90,194.10,222.67,0.5561,-1,-1,-1
500,-1,579.76,2.49,79.20,165.68,0.4848,-1,-1,-1
500,-1,1502.80,540.36,138.67,331.42,0.3759,-1,-1,-1
501,-1,580.60,2.57,79.20,166.87,0.4582,-1,-1,-1
501,-1,1367.15,547.88,271.71,246.16,0.3774,-1,-1,-1
